première partie





NUCLÉIDE



QUANTITÉ (Bq)



CONCENTRATION (kBq/kg)







H 3



109




105






Be 7



107




103






Be 10



106




104






C 11



106




10





C 11 monoxyde



109




10





C 11 dioxyde



109




10





C 14



107




104






C 14 monoxyde



1011




108






C 14 dioxyde



1011




107






N 13



108




102






O 15



109




102






F 18



106




10





Ne 19



109




102






Na 22



106




10





Na 24



105




10





Al 26



105




10





Mg 28 +



105




10





Si 31



106




103






Si 32



106




103






S 35



108




105






S 35 composé organique



108




105






S 35 vapeur



109




106






P 32



105




103






P 33



108




105






Cl 36



106




104






Cl 38



105




10





Cl 39



105




10





Ar 37



108




106






Ar 39



104




107






Ar 41



109




102






K 40



106




102






K 42



106




102






K 43



106




10





K 44



105




10





K 45



105




10





Ca 41



107




105






Ca 45



107




104






Ca 47



106




10





Sc 43



106




10





Sc 44



105




10





Sc 44m



107




102






Sc 46



106




10





Sc 47



106




102






Sc 48



105




10





Sc 49



105




103






Ti 44 +



105




10





Ti 45



106




10





V 47



105




10





V 48



105




10





V 49



107




104






Cr 48



106




102






Cr 49



106




10





Cr 51



107




103






Mn 51



105




10





Mn 52



105




10





Mn 52m



105




10





Mn 53



109




104






Mn 54



106




10





Mn 56



105




10





Fe 52



106




10





Fe 55



106




104






Fe 59



106




10





Fe 60 +



105




102






Co 55



106




10





Co 56



105




10





Co 57



106




102






Co 58



106




10





Co 58 m



107




104






Co 60



105




10





Co 60 m



106




103






Co 61



106




102






Co 62 m



105




10





Ni 56



106




10





Ni 57



106




10





Ni 59



108




104






Ni 63



108




105






Ni 65



106




10





Ni 66



107




104






Cu 60



105




10





Cu 61



106




10





Cu 64



106




102






Cu 67



106




102






Zn 62



106




102






Zn 63



105




10





Zn 65



106




10





Zn 69



106




104






Zn 69 m



106




102
